,0,1,2,3,4,5,6,7,8,9,10,11
0,[ 0.08390788  0.69422092 -1.3932774 ],"[ 9.90622927 -2.62248865 -3.56099189 -2.62248865  2.76288184 -2.01622812
 -3.56099189 -2.01622812  8.76185125]",[0.23930544],[ 2.22444863  0.60976582 -5.49629414],"[13.65991778 -3.46651088 -0.77128009 -3.46651088  1.46308892  0.12953259
 -0.77128009  0.12953259  0.57914555]",[0.08261329],[ 3.13240894 -2.01742755  3.28517514],"[ 1.89453806  0.00714129 -0.36894762  0.00714129  0.49600318  0.07633455
 -0.36894762  0.07633455  1.64076337]",[0.34925266],[-4.70596436  0.89614259  1.28757214],"[ 1.11836511  0.51369032 -2.24378531  0.51369032  1.48249604 -3.93810257
 -2.24378531 -3.93810257 16.79689157]",[0.32882861]
1,[-0.01685933  0.91054982 -1.79305337],"[11.3192073  -3.09313669 -3.20216136 -3.09313669  2.76873864 -1.84917401
 -3.20216136 -1.84917401  7.84977557]",[0.19885932],[ 2.6008325   0.48525708 -5.1944571 ],"[14.30200187 -3.18122917 -0.92152065 -3.18122917  1.21902285  0.20766554
 -0.92152065  0.20766554  0.63059632]",[0.08520981],[ 3.04557517 -2.01513103  3.15751038],"[ 1.83935189  0.04702874 -0.05092836  0.04702874  0.47373696  0.04962737
 -0.05092836  0.04962737  1.73578106]",[0.36437461],[-4.48747248  0.90578274  1.22861812],"[ 1.34452043  0.62408161 -2.57640105  0.62408161  1.40591754 -3.93995036
 -2.57640105 -3.93995036 17.54037654]",[0.35155625]
2,[-0.15401333  1.14561801 -2.15651802],"[11.67293313 -3.31707505 -2.66184673 -3.31707505  2.55427726 -1.34735441
 -2.66184673 -1.34735441  6.2841029 ]",[0.15656825],[ 2.77121169  0.43656508 -5.01850512],"[14.06816954 -2.96622555 -1.05374713 -2.96622555  1.11848732  0.27022857
 -1.05374713  0.27022857  0.71307505]",[0.09562044],[ 2.99621292 -2.01122115  3.1039486 ],"[1.88788991 0.04152901 0.00972806 0.04152901 0.47466312 0.04037815
 0.00972806 0.04037815 1.81847394]",[0.37701081],[-4.36914303  0.92699753  1.16114358],"[ 1.51731205  0.7081978  -2.83836756  0.7081978   1.40550438 -3.94572084
 -2.83836756 -3.94572084 17.55475715]",[0.37080051]
3,[-0.3456169   1.39406464 -2.50642222],"[11.43347962 -3.35180494 -2.12822168 -3.35180494  2.18717342 -0.62934217
 -2.12822168 -0.62934217  4.35046099]",[0.12469146],[ 2.81071146  0.42686771 -4.90208202],"[14.05854232 -2.89809643 -1.23964217 -2.89809643  1.08967516  0.32983205
 -1.23964217  0.32983205  0.81199859]",[0.10586556],[ 2.97368477 -2.00743358  3.07405796],"[1.93189134 0.03113951 0.01626649 0.03113951 0.47838748 0.03225563
 0.01626649 0.03225563 1.86915169]",[0.38559392],[-4.30039277  0.9421063   1.11870519],"[ 1.64021264  0.76168448 -3.01227691  0.76168448  1.42147037 -3.96108357
 -3.01227691 -3.96108357 17.49363459]",[0.38384906]
4,[-0.64721891  1.64214616 -2.79057269],"[10.8773412  -3.11899466 -1.89340382 -3.11899466  1.71173054  0.09565842
 -1.89340382  0.09565842  2.66184688]",[0.10593862],[ 2.77408186  0.43895687 -4.82588127],"[14.30535021 -2.91594386 -1.46118754 -2.91594386  1.0928485   0.3817443
 -1.46118754  0.3817443   0.90760929]",[0.1139459],[ 2.9628238  -2.00227402  3.04873732],"[1.96552008 0.02072483 0.01489645 0.02072483 0.48256284 0.02390503
 0.01489645 0.02390503 1.91279058]",[0.3916334],[-4.26654285  0.94409587  1.11920828],"[ 1.71224204  0.78815151 -3.10496292  0.78815151  1.42992602 -3.96329718
 -3.10496292 -3.96329718 17.44123905]",[0.38848208]
5,[-1.05099931  1.82395868 -2.89573287],"[ 9.93575506 -2.65203184 -1.80191733 -2.65203184  1.32187533  0.43367075
 -1.80191733  0.43367075  1.87910606]",[0.10147096],[ 2.72670048  0.45344285 -4.78538354],"[14.63092579 -2.95135641 -1.65790824 -2.95135641  1.10822341  0.41090426
 -1.65790824  0.41090426  0.98631181]",[0.11936615],[ 2.96012225 -1.99714328  3.02865708],"[1.98052988 0.01361816 0.01357925 0.01361816 0.48735997 0.01371399
 0.01357925 0.01371399 1.95530975]",[0.39500428],[-4.26307171  0.92739444  1.17652969],"[ 1.74109447  0.79800603 -3.14834753  0.79800603  1.4249172  -3.9492909
 -3.14834753 -3.9492909  17.42886208]",[0.38415861]
6,[-1.48368682  1.94426473 -2.87300211],"[ 8.48151758 -2.11653458 -1.349643   -2.11653458  1.05545972  0.41932382
 -1.349643    0.41932382  1.52722821]",[0.10512479],[ 2.74188422  0.44794732 -4.7660835 ],"[14.71759671 -2.94465376 -1.73002016 -2.94465376  1.12741559  0.39705662
 -1.73002016  0.39705662  1.03886987]",[0.12389064],[ 2.95966543 -1.99558714  3.0228306 ],"[1.98444013 0.01176653 0.01295507 0.01176653 0.48874596 0.00992064
 0.01295507 0.00992064 1.97212362]",[0.39574494],[-4.27619826  0.89662064  1.27781772],"[ 1.75044212  0.79809706 -3.16395886  0.79809706  1.41344012 -3.92247022
 -3.16395886 -3.92247022 17.41578671]",[0.37523963]
7,[-2.00036169  2.0677275  -2.81972833],"[ 6.17096207 -1.36004725 -0.65605015 -1.36004725  0.7723867   0.27363441
 -0.65605015  0.27363441  1.28946933]",[0.11117314],[ 2.86010385  0.41889188 -4.76034668],"[14.29284354 -2.83100553 -1.645098   -2.83100553  1.11855329  0.3519086
 -1.645098    0.3519086   1.05950958]",[0.12868102],[ 2.95964604 -1.99546677  3.02233796],"[1.98481407 0.01162607 0.01279166 0.01162607 0.48887596 0.00955096
 0.01279166 0.00955096 1.97386106]",[0.39579822],[-4.29996541  0.85801028  1.40818602],"[ 1.74590939  0.79035678 -3.15306871  0.79035678  1.39672525 -3.8743021
 -3.15306871 -3.8743021  17.33719193]",[0.36434762]
8,[-2.52813009  2.17340106 -2.79912676],"[ 3.43618351 -0.53091592  0.00844865 -0.53091592  0.51002381  0.12486014
  0.00844865  0.12486014  1.16390934]",[0.12255493],[ 3.09011582  0.37004281 -4.76312807],"[13.18846135 -2.56412251 -1.41546641 -2.56412251  1.06327461  0.28970824
 -1.41546641  0.28970824  1.05852936]",[0.13178643],[ 2.9596672  -1.99539731  3.02218535],"[1.98483687 0.01167353 0.01266259 0.01167353 0.48896995 0.00926143
 0.01266259 0.00926143 1.97442251]",[0.3958134],[-4.34043749  0.80397938  1.5944246 ],"[ 1.7252351   0.7691688  -3.10260344  0.7691688   1.36948971 -3.78606349
 -3.10260344 -3.78606349 17.1425587 ]",[0.34984524]
9,[-2.80982963  2.18617892 -2.86541104],"[ 2.28284665 -0.19483197  0.25553499 -0.19483197  0.41960253  0.0873378
  0.25553499  0.0873378   1.18532468]",[0.14751692],[ 3.41486345  0.3038052  -4.78739816],"[11.30935984 -2.14350281 -1.13028534 -2.14350281  0.97631186  0.22644049
 -1.13028534  0.22644049  1.05469753]",[0.12880005],[ 2.95969489 -1.99532211  3.02203977],"[1.98481651 0.01172479 0.01252578 0.01172479 0.48907815 0.00895707
 0.01252578 0.00895707 1.97496815]",[0.39582752],[-4.4119153   0.71606506  1.91050047],"[ 1.68783398  0.71893934 -2.97416107  0.71893934  1.3181422  -3.59792757
 -2.97416107 -3.59792757 16.61795099]",[0.32785552]
10,[-2.93189592  2.1539009  -2.96026074],"[ 2.08693061 -0.11551885  0.33222179 -0.11551885  0.41284411  0.08630154
  0.33222179  0.08630154  1.27275905]",[0.17824958],[ 3.82829239  0.22123823 -4.8304176 ],"[ 8.65604597 -1.61397889 -0.84068388 -1.61397889  0.87661947  0.16731064
 -0.84068388  0.16731064  1.04046439]",[0.12214497],[ 2.95979944 -1.99536553  3.02213292],"[1.98412156 0.01175744 0.01277245 0.01175744 0.48903845 0.00909205
 0.01277245 0.00909205 1.97451622]",[0.3958081],[-4.49679677  0.6103337   2.31981166],"[ 1.64767245  0.6461344  -2.76601045  0.6461344   1.24463174 -3.28962536
 -2.76601045 -3.28962536 15.530583  ]",[0.30379735]
11,[-2.9916961  2.1157642 -3.0481144],"[ 2.02675879 -0.08238623  0.33615907 -0.08238623  0.42623328  0.09073268
  0.33615907  0.09073268  1.3869549 ]",[0.20760215],[ 4.32852557  0.11966096 -4.88431679],"[ 5.38937703 -0.96761702 -0.49645181 -0.96761702  0.75210598  0.09881435
 -0.49645181  0.09881435  1.00885477]",[0.11394334],[ 2.9601092  -1.99543333  3.02218258],"[1.98255267 0.01197129 0.01303119 0.01197129 0.48898959 0.00918005
 0.01303119 0.00918005 1.97422539]",[0.39577572],[-4.57504564  0.50751342  2.74688057],"[ 1.59562023  0.57091201 -2.51076266  0.57091201  1.15673877 -2.8984777
 -2.51076266 -2.8984777  13.92555021]",[0.28267879]
12,[-2.99866124  2.08018971 -3.11874622],"[ 2.00878191 -0.07577195  0.2798078  -0.07577195  0.4455766   0.09151599
  0.2798078   0.09151599  1.50833318]",[0.23476975],[ 4.80075804  0.0136402  -4.93556665],"[ 2.44037276 -0.31889302 -0.18511847 -0.31889302  0.61020813  0.0340819
 -0.18511847  0.0340819   0.97355911]",[0.10605184],[ 2.96031488 -1.99547818  3.02223103],"[1.98144607 0.01210007 0.01326261 0.01210007 0.48895792 0.00924741
 0.01326261 0.00924741 1.97394969]",[0.39575233],[-4.65516046  0.40426501  3.19945188],"[ 1.52442164  0.48404111 -2.165106    0.48404111  1.0503644  -2.41538868
 -2.165106   -2.41538868 11.76348323]",[0.26342609]
13,[-2.98919814  2.05410869 -3.1590891 ],"[ 2.03954517 -0.08112525  0.20339723 -0.08112525  0.46154159  0.0815055
  0.20339723  0.0815055   1.63238162]",[0.25785419],[ 5.0366817  -0.04587328 -4.9633577 ],"[ 1.12004558  0.01149286 -0.0410795   0.01149286  0.52974487 -0.0015038
 -0.0410795  -0.0015038   0.95070248]",[0.10177111],[ 2.96043944 -1.99550891  3.02227511],"[1.98070327 0.01215966 0.01349681 0.01215966 0.48893508 0.00930626
 0.01349681 0.00930626 1.97367839]",[0.39573575],[-4.75381393  0.29142232  3.70729741],"[ 1.39719817  0.36015208 -1.60538769  0.36015208  0.91203857 -1.78152267
 -1.60538769 -1.78152267  8.82669289]",[0.24463895]
14,[-3.00528007  2.03538418 -3.14989229],"[ 2.03429003 -0.0738861   0.15192132 -0.0738861   0.47202325  0.05706332
  0.15192132  0.05706332  1.73403972]",[0.27694499],[ 5.06324123 -0.05317134 -4.96988605],"[ 1.00740159  0.04272227 -0.0159829   0.04272227  0.52290771 -0.01037528
 -0.0159829  -0.01037528  0.94331133]",[0.10114859],[ 2.96046934 -1.99549671  3.02222403],"[1.98046261 0.01209405 0.01372589 0.01209405 0.48896184 0.00926776
 0.01372589 0.00926776 1.97371317]",[0.39573522],[-4.8680351   0.16787312  4.25476037],"[ 1.22301207  0.19873459 -0.87326889  0.19873459  0.74025815 -1.00916464
 -0.87326889 -1.00916464  5.32237805]",[0.2261712]
15,[-3.03440849  2.013268   -3.08651684],"[ 2.00928038 -0.05892061  0.10512044 -0.05892061  0.48124839  0.02705654
  0.10512044  0.02705654  1.81123419]",[0.29310231],[ 5.06457125 -0.0535296  -4.97008285],"[ 1.00317729  0.04397829 -0.01554735  0.04397829  0.5227709  -0.0105102
 -0.01554735 -0.0105102   0.94299857]",[0.10110863],[ 2.96040895 -1.99542615  3.02208328],"[1.98047564 0.01186357 0.01425308 0.01186357 0.48906404 0.00908072
 0.01425308 0.00908072 1.97385205]",[0.39574634],[-4.96973044  0.05519064  4.7345893 ],"[ 1.07500336  0.05312103 -0.24936797  0.05312103  0.58173413 -0.32446004
 -0.24936797 -0.32446004  2.35981689]",[0.21004271]
16,[-3.05587573  1.99943874 -3.02765441],"[ 2.00752959e+00 -4.64175629e-02  5.85190127e-02 -4.64175629e-02
  4.85434033e-01 -3.35272981e-04  5.85190127e-02 -3.35272981e-04
  1.91671709e+00]",[0.30104052],[ 5.06451751 -0.05351484 -4.97005222],"[ 1.00331394  0.0439365  -0.01562647  0.0439365   0.52277278 -0.01048674
 -0.01562647 -0.01048674  0.94305709]",[0.10111055],[ 2.96016199 -1.99527894  3.02187881],"[1.98110878 0.01127555 0.01515307 0.01127555 0.48926012 0.00884284
 0.01515307 0.00884284 1.97385477]",[0.39577462],[-5.01447009e+00 -1.13527725e-03  4.95485680e+00],"[ 1.0118959  -0.01033022 -0.00436291 -0.01033022  0.50627789 -0.01542748
 -0.00436291 -0.01542748  1.13690614]",[0.20207432]
17,[-3.05844751  1.99748105 -3.01779975],"[ 2.00702629 -0.04479554  0.04996249 -0.04479554  0.48650328 -0.00698363
  0.04996249 -0.00698363  1.94721926]",[0.30188718],[ 5.06447586 -0.05350451 -4.97002332],"[ 1.00342009  0.04390435 -0.01569842  0.04390435  0.52277466 -0.0104679
 -0.01569842 -0.0104679   0.94311461]",[0.10111207],[ 2.95966713 -1.99509261  3.02177637],"[1.98300694 0.01045637 0.01565177 0.01045637 0.48948366 0.00875744
 0.01565177 0.00875744 1.97358682]",[0.39582013],[-5.01973952 -0.00653721  4.97436277],"[ 1.00418247 -0.01535815  0.01704836 -0.01535815  0.49976253  0.00842952
  0.01704836  0.00842952  1.05347529]",[0.20118062]
18,[-3.05865176  1.99726515 -3.01721603],"[ 2.00706    -0.04448225  0.04915296 -0.04448225  0.48677557 -0.0078291
  0.04915296 -0.0078291   1.94928704]",[0.30193132],[ 5.06447176 -0.05350372 -4.9700175 ],"[ 1.00342819  0.04390165 -0.01571164  0.04390165  0.52277491 -0.01046501
 -0.01571164 -0.01046501  0.94312714]",[0.10111226],[ 2.95952649 -1.995055    3.02177646],"[1.98362694 0.01028007 0.01565545 0.01028007 0.4895257  0.00875979
 0.01565545 0.00875979 1.97352683]",[0.39583172],[-5.02005378 -0.00661276  4.97535944],"[ 1.00368328 -0.01531854  0.01792906 -0.01531854  0.49975866  0.00878984
  0.01792906  0.00878984  1.04996492]",[0.2011247]
19,[-3.05866193  1.99725517 -3.01718945],"[ 2.00706184 -0.04446679  0.04911481 -0.04446679  0.48678869 -0.00786896
  0.04911481 -0.00786896  1.9493818 ]",[0.30193328],[ 5.06447052 -0.0535034  -4.97001684],"[ 1.00343152  0.04390072 -0.01571301  0.04390072  0.52277486 -0.01046464
 -0.01571301 -0.01046464  0.94312862]",[0.10111231],[ 2.95951034 -1.9950519   3.02177788],"[1.98370213 0.01026493 0.0156487  0.01026493 0.4895283  0.00876095
 0.0156487  0.00876095 1.9735218 ]",[0.39583298],[-5.02007771 -0.006611    4.97540873],"[ 1.00363349 -0.01530305  0.01797874 -0.01530305  0.49975433  0.00879814
  0.01797874  0.00879814  1.04980486]",[0.20112143]
20,[-3.05866242  1.99725472 -3.01718824],"[ 2.00706184 -0.04446605  0.04911309 -0.04446605  0.48678927 -0.00787077
  0.04911309 -0.00787077  1.94938608]",[0.30193337],[ 5.06447042 -0.05350337 -4.9700168 ],"[ 1.00343179  0.04390064 -0.01571311  0.04390064  0.52277484 -0.0104646
 -0.01571311 -0.0104646   0.94312873]",[0.10111231],[ 2.95950885 -1.99505165  3.02177805],"[1.98370914 0.01026367 0.01564787 0.01026367 0.48952848 0.00876107
 0.01564787 0.00876107 1.97352144]",[0.3958331],[-5.02007963 -0.00661057  4.97541134],"[ 1.00362905 -0.0153014   0.01798207 -0.0153014   0.49975376  0.00879811
  0.01798207  0.00879811  1.04979725]",[0.20112122]
21,[-3.05866244  1.9972547  -3.01718818],"[ 2.00706183 -0.04446602  0.04911301 -0.04446602  0.4867893  -0.00787085
  0.04911301 -0.00787085  1.94938628]",[0.30193337],[ 5.06447041 -0.05350337 -4.97001679],"[ 1.00343181  0.04390064 -0.01571312  0.04390064  0.52277484 -0.01046459
 -0.01571312 -0.01046459  0.94312874]",[0.10111231],[ 2.95950873 -1.99505163  3.02177806],"[1.98370974 0.01026357 0.01564779 0.01026357 0.4895285  0.00876108
 0.01564779 0.00876108 1.97352142]",[0.39583311],[-5.02007979 -0.00661052  4.97541149],"[ 1.00362868 -0.01530125  0.01798231 -0.01530125  0.49975371  0.00879808
  0.01798231  0.00879808  1.04979687]",[0.20112121]
